% y=[7 24 31 33 37 37 40 40 42 41];
% x=[5 10 15 20 25 30 35 40 45 50];
% syms xx
% f(xx)=50.09211819*(xx/(9.89136868+xx));
% 
% fun=@(x) 50.09211819.*(x./(9.89136868+x));
% 
% plot(f(0:1:50))
% hold on
% scatter(x,y)

A=[9 1699 774; 1699 321165 146226; 774 146226 67188];
b=[19.09;3607.76;1650.4];
x=A\b;